 25
 40
 20
 35
 17
 55
 140
 100
 55
 105
 125
 25
 50
 110
 70
 30
 60
 85
 30
 85
 20
 55
 70
 75
 30
 90
 105
 30
 40
 50
 20
 50
 60
 70
 50
 45
 70
 20
 140
 110
 32
 40
 50
 90
 30
 28
 170
 70
 25
 25
 62
 35
 35
 34
 130
 15
 35
 150
 50
 75
 40
 70
 45
 35
 70
 35
 45
 30
 35
 280
 25
 45
 30
 90
 160
 80
 15
 90
 60
 30
 55
 40
 53
 35
 20
 100
 45
 30
 25
 40
 40
 40
 15
 100
 70
 45
 45
 45
 65
 45
 115